[0.8169676926990588, 0.7930391547545059, 0.8214239897370109, 0.7882851093860268, 0.7734487734487735]
 Mean: 0.7986329440050752
 Std: 0.018045527874343673