[0.8206563215466802, 0.8161591050341828, 0.8157793457344451, 0.787014820042343, 0.7792207792207793]
 Mean: 0.8037660743156861
 Std: 0.01712461610151148