[0.824090562197914, 0.8210068365444375, 0.7975625400898012, 0.7743119266055046, 0.788928243473698]
 Mean: 0.801180021782271
 Std: 0.01898990378962265