[0.8273976087509539, 0.833561218147918, 0.814239897370109, 0.7775582215949188, 0.7924701561065197]
 Mean: 0.8090454203940839
 Std: 0.021123412709446968