[0.8097176291020096, 0.8090739589807334, 0.8271969211032714, 0.7796753705010586, 0.7936507936507936]
 Mean: 0.8038629346675734
 Std: 0.016094926087125507