[0.8254896972780463, 0.8224984462399005, 0.7887107119948685, 0.7734650670430487, 0.7975862521317066]
 Mean: 0.8015500349375142
 Std: 0.019906122568008864