[0.8188756041719665, 0.8100683654443754, 0.8254008980115458, 0.776287932251235, 0.8029647120556211]
 Mean: 0.8067195023869488
 Std: 0.017018573078991763