[0.813533452047825, 0.8316967060285891, 0.8174470814624759, 0.7872971065631617, 0.7965367965367965]
 Mean: 0.8093022285277696
 Std: 0.01570309619745613