[0.8291783261256678, 0.8229956494717215, 0.8020525978191149, 0.7586450247000706, 0.7991604355240719]
 Mean: 0.8024064067281292
 Std: 0.024764380274055853