[0.83223098448232, 0.8006215040397763, 0.8289929441949968, 0.7734650670430487, 0.8042765315492588]
 Mean: 0.8079174062618801
 Std: 0.02139522479717669