[0.8226914271177818, 0.8264760720944686, 0.8282232200128288, 0.7678193366266761, 0.7670208579299488]
 Mean: 0.8024461827563408
 Std: 0.028655656553366056