[0.8237089799033325, 0.8336855189558732, 0.7921744708146248, 0.7768525052928723, 0.7822379640561459]
 Mean: 0.8017318878045696
 Std: 0.022778797499707737