[0.8198931569575172, 0.8196395276569298, 0.832071840923669, 0.7634438955539873, 0.8059818968909878]
 Mean: 0.8082060635966183
 Std: 0.023855758988052943