[0.8305774612058, 0.806960845245494, 0.8328415651058371, 0.7583627381792519, 0.783287419651056]
 Mean: 0.8024060058774879
 Std: 0.028446548090626963