[0.8253625031798525, 0.8017402113113735, 0.8030788967286723, 0.7707833450952717, 0.8101797192706284]
 Mean: 0.8022289351171598
 Std: 0.0178222521443859