[0.8191299923683542, 0.8336855189558732, 0.8220654265554843, 0.7795342272406492, 0.7649219467401286]
 Mean: 0.8038674223720979
 Std: 0.026691147373367047