[0.819257186466548, 0.8101926662523307, 0.8106478511866582, 0.750317572335921, 0.8122786304604487]
 Mean: 0.8005387813403813
 Std: 0.025320992748109235