[0.8182396336809972, 0.8427594779366065, 0.8194996792815907, 0.7841919548341567, 0.7793519611701429]
 Mean: 0.8088085413806988
 Std: 0.02378898264121531