[0.7888577969982192, 0.8303293971410814, 0.8398973701090443, 0.774029640084686, 0.7898465171192444]
 Mean: 0.804592144290455
 Std: 0.02572133364781595