[0.8153141694225388, 0.8377874456183965, 0.8332264271969211, 0.7638673253352153, 0.7695133149678605]
 Mean: 0.8039417365081863
 Std: 0.03138066922459748