[0.8023403714067667, 0.806463642013673, 0.8306606799230276, 0.7810868031051518, 0.8184441820805457]
 Mean: 0.8077991357058331
 Std: 0.016619853070099656