[0.8224370389213941, 0.8161591050341828, 0.8428479794740218, 0.7716302046577276, 0.784992784992785]
 Mean: 0.8076134226160223
 Std: 0.025848510620368446