[0.8204019333502925, 0.8282162834058422, 0.8152661962796665, 0.7752999294283698, 0.8071625344352618]
 Mean: 0.8092693753798865
 Std: 0.01831525631069069