[0.8262528618672094, 0.8114356743318831, 0.8278383579217448, 0.7688073394495413, 0.7666273120818575]
 Mean: 0.8001923091304473
 Std: 0.027134830135869453