[0.8198931569575172, 0.7602237414543195, 0.8254008980115458, 0.7390261115031758, 0.7668896759805851]
 Mean: 0.7822867167814287
 Std: 0.03425901539918911