[0.801322818621216, 0.7922933499067744, 0.8279666452854394, 0.7887085391672548, 0.8004722550177096]
 Mean: 0.8021527215996788
 Std: 0.013768257801161279