[0.798906130755533, 0.7941578620261032, 0.8201411161000641, 0.7683839096683134, 0.7961432506887053]
 Mean: 0.7955464538477438
 Std: 0.016469808743555345