[0.8263800559654032, 0.8217526413921691, 0.8252726106478512, 0.734227240649259, 0.8079496261314443]
 Mean: 0.8031164349572254
 Std: 0.03506702497577785