[0.8116255405749173, 0.8292106898694841, 0.8266837716484926, 0.7817925194071983, 0.800209891118982]
 Mean: 0.8099044825238149
 Std: 0.017558495375147812