[0.8045026710760621, 0.8014916096954631, 0.8374599101988454, 0.7520112914608328, 0.7999475272202545]
 Mean: 0.7990826019302915
 Std: 0.02729268994792047