[0.802085983210379, 0.7944064636420137, 0.8291212315586914, 0.7542695836273818, 0.7950937950937951]
 Mean: 0.7949954114264524
 Std: 0.023974141889457866