[0.8149325871279572, 0.8019888129272841, 0.8275817831943554, 0.7709244883556811, 0.8042765315492588]
 Mean: 0.8039408406309073
 Std: 0.018834623831942458