[0.7973798015772068, 0.8085767557489124, 0.841180243745991, 0.7929428369795343, 0.8088678997769907]
 Mean: 0.809789507565727
 Std: 0.016884961109730673