[0.8132790638514373, 0.798011187072716, 0.8405388069275176, 0.7593507410021172, 0.7575757575757576]
 Mean: 0.7937511112859091
 Std: 0.03187669785997043