[0.8196387687611295, 0.8396519577377253, 0.8146247594611931, 0.7823570924488356, 0.7662337662337663]
 Mean: 0.8045012689285299
 Std: 0.026540407683249168