[0.8261256677690155, 0.8140459912989434, 0.831686978832585, 0.7744530698659139, 0.7927325200052473]
 Mean: 0.8078088455543411
 Std: 0.021375109710950777