[0.8252353090816587, 0.7911746426351771, 0.828094932649134, 0.7647141848976712, 0.777121868030959]
 Mean: 0.79726818745892
 Std: 0.02543704648206485