[0.8027219537013482, 0.7958980733374766, 0.8282232200128288, 0.7820748059280169, 0.813196904105995]
 Mean: 0.8044229914171332
 Std: 0.015610519384763984