[0.8272704146527601, 0.7688004972032318, 0.8351507376523413, 0.7625970359915314, 0.8130657221566312]
 Mean: 0.8013768815312992
 Std: 0.030042884834648138