[0.8165861104044773, 0.81727781230578, 0.8093649775497114, 0.7641496118560339, 0.7792207792207793]
 Mean: 0.7973198582673564
 Std: 0.021644561481624903