[0.8160773340117019, 0.8053449347420758, 0.8200128287363695, 0.7796753705010586, 0.810966810966811]
 Mean: 0.8064154557916033
 Std: 0.01424874346974533