[0.8076825235309082, 0.8128029832193909, 0.8146247594611931, 0.7871559633027523, 0.7751541387905024]
 Mean: 0.7994840736609493
 Std: 0.015606257298929496