[0.8170948867972526, 0.8019888129272841, 0.8289929441949968, 0.7720536344389556, 0.777121868030959]
 Mean: 0.7994504292778897
 Std: 0.02208927103883782