[0.8204019333502925, 0.8234928527035426, 0.8232200128287364, 0.7829216654904728, 0.7910271546635183]
 Mean: 0.8082127238073126
 Std: 0.017562797668495462