[0.8191299923683542, 0.816283405842138, 0.8378447722899295, 0.7637261820748059, 0.8027023481568936]
 Mean: 0.8079373401464242
 Std: 0.024784746974462684