[0.7972526074790129, 0.7711622125543816, 0.8477228992944195, 0.7833450952717008, 0.8124098124098124]
 Mean: 0.8023785254018655
 Std: 0.026532032140818788