[0.8196387687611295, 0.8193909260410193, 0.8192431045542015, 0.7912491178546225, 0.7855175127902401]
 Mean: 0.8070078860002425
 Std: 0.0153150538177735