[0.8025947596031544, 0.8176507147296458, 0.8351507376523413, 0.7809456598447424, 0.7643972189426735]
 Mean: 0.8001478181545115
 Std: 0.02523636864568034