[0.8193843805647418, 0.8089496581727781, 0.8311738293778063, 0.7695130557515879, 0.7583628492719402]
 Mean: 0.7974767546277708
 Std: 0.02849186018384714