[0.8235817858051386, 0.8180236171535115, 0.813855035279025, 0.7707833450952717, 0.7760724124360489]
 Mean: 0.800463239153799
 Std: 0.02235165684025813