[0.8273976087509539, 0.8084524549409571, 0.7887107119948685, 0.7689484827099506, 0.8091302636757183]
 Mean: 0.8005279044144895
 Std: 0.019978418400415223