[0.8328669549732892, 0.8278433809819764, 0.8339961513790891, 0.7568101623147495, 0.8124098124098124]
 Mean: 0.8127852924117833
 Std: 0.029028523611663904