[0.805393029763419, 0.8405220633934121, 0.8452854393842206, 0.7688073394495413, 0.800734618916437]
 Mean: 0.812148498181406
 Std: 0.028133556862796987