[0.8300686848130246, 0.8100683654443754, 0.8433611289288006, 0.7675370501058575, 0.8065066246884429]
 Mean: 0.8115083707961002
 Std: 0.025766845285559416