[0.8275248028491478, 0.8038533250466128, 0.8323284156510584, 0.7757233592095978, 0.8042765315492588]
 Mean: 0.808741286861135
 Std: 0.020214761312079176