[0.8342660900534216, 0.8229956494717215, 0.84554201411161, 0.7693719124911785, 0.8146399055489965]
 Mean: 0.8173631143353857
 Std: 0.026161260494596824