[0.8345204782498092, 0.8110627719080175, 0.8368184733803721, 0.771347918136909, 0.7885346976256067]
 Mean: 0.8084568678601428
 Std: 0.025551713079758436