[0.8248537267870771, 0.8145431945307644, 0.8393842206542655, 0.7710656316160903, 0.8142463597009052]
 Mean: 0.8128186266578205
 Std: 0.022798682288459746