[0.8095904350038158, 0.8348042262274705, 0.8386144964720975, 0.7877205363443895, 0.8160829069919979]
 Mean: 0.8173625202079542
 Std: 0.018420366607500557