[0.807809717629102, 0.8263517712865134, 0.8496472097498396, 0.7878616796047989, 0.8158205430932703]
 Mean: 0.8174981842727049
 Std: 0.02043012049353841