[0.8207835156448741, 0.8381603480422622, 0.8402822322001283, 0.760621030345801, 0.7881411517775154]
 Mean: 0.8095976556021162
 Std: 0.030794757616186746