[0.8277791910455354, 0.8321939092604101, 0.8323284156510584, 0.7774170783345096, 0.7990292535747081]
 Mean: 0.8137495695732444
 Std: 0.02199515896484469