[0.8303230730094123, 0.8216283405842137, 0.8242463117382938, 0.7666901905434016, 0.7981109799291618]
 Mean: 0.8081997791608966
 Std: 0.023460977888813447