[0.8303230730094123, 0.8249844623990056, 0.8236048749198204, 0.781227946365561, 0.8303817394726486]
 Mean: 0.8181044192332896
 Std: 0.01864131084578795