[0.8331213431696769, 0.8330640149160969, 0.8345093008338679, 0.774029640084686, 0.8049324412960777]
 Mean: 0.8159313480600812
 Std: 0.023710308374168113