[0.8162045281098957, 0.8274704785581106, 0.8375881975625401, 0.7700776287932252, 0.8172635445362718]
 Mean: 0.8137208755120087
 Std: 0.023160970031448305