[0.8205291274484864, 0.8216283405842137, 0.8286080821039128, 0.7857445306986591, 0.7936507936507936]
 Mean: 0.8100321748972131
 Std: 0.017017407042860956