[0.8211650979394556, 0.8251087632069608, 0.8386144964720975, 0.7967537050105857, 0.8118850846123573]
 Mean: 0.8187054294482913
 Std: 0.013941441184753907