[0.8443144238107352, 0.8124300807955251, 0.8309172546504169, 0.7823570924488356, 0.8113603568149023]
 Mean: 0.8162758417040831
 Std: 0.020928289367831542