[0.8331213431696769, 0.8391547545059043, 0.841180243745991, 0.768666196189132, 0.8028335301062574]
 Mean: 0.8169912135433923
 Std: 0.027828978114532357