[0.8048842533706436, 0.8379117464263518, 0.8239897370109044, 0.784756527875794, 0.8049324412960777]
 Mean: 0.8112949411959542
 Std: 0.018196031800243533