[0.8149325871279572, 0.8440024860161591, 0.8363053239255933, 0.7809456598447424, 0.8057195329922603]
 Mean: 0.8163811179813424
 Std: 0.022500459035704492