[0.8239633680997202, 0.8268489745183344, 0.8310455420141116, 0.7898376852505293, 0.8116227207136298]
 Mean: 0.8166636581192652
 Std: 0.014892339578417027