[0.8340117018570339, 0.8478558110627719, 0.8348941629249519, 0.7769936485532816, 0.777121868030959]
 Mean: 0.8141754384857997
 Std: 0.030700367977859487