[0.825744085474434, 0.8401491609695463, 0.8366901860166773, 0.7778405081157375, 0.817132362586908]
 Mean: 0.8195112606326607
 Std: 0.0223696101191407