[0.8186212159755787, 0.8141702921068987, 0.8341244387427839, 0.7709244883556811, 0.8230355503082776]
 Mean: 0.812175197097844
 Std: 0.021665036422038906