[0.8281607733401171, 0.8366687383467992, 0.8278383579217448, 0.7806633733239238, 0.8121474485110849]
 Mean: 0.8170957382887339
 Std: 0.01986325248892348