[0.8352836428389723, 0.8083281541330019, 0.8203976908274535, 0.7669724770642202, 0.8141151777515414]
 Mean: 0.8090194285230379
 Std: 0.022863352572025392