[0.8287967438310863, 0.8263517712865134, 0.8234765875561257, 0.784756527875794, 0.7793519611701429]
 Mean: 0.8085467183439325
 Std: 0.02176369199450556