[0.8315950139913508, 0.8226227470478558, 0.8309172546504169, 0.766407904022583, 0.7931260658533386]
 Mean: 0.8089337971131091
 Std: 0.025465767048103254