[0.8153141694225388, 0.8185208203853325, 0.8375881975625401, 0.7750176429075512, 0.7953561589925227]
 Mean: 0.8083593978540972
 Std: 0.021385522820966812