[0.8291783261256678, 0.8211311373523927, 0.8188582424631173, 0.7820748059280169, 0.8145087235996327]
 Mean: 0.8131502470937655
 Std: 0.016252406836973977