[0.8210379038412617, 0.8218769422001243, 0.8350224502886465, 0.7662667607621736, 0.7898465171192444]
 Mean: 0.8068101148422901
 Std: 0.025127285350959826