[0.8275248028491478, 0.8289620882535736, 0.8246311738293778, 0.7930839802399435, 0.8130657221566312]
 Mean: 0.8174535534657348
 Std: 0.013405400657904468