[0.8226914271177818, 0.8466128029832194, 0.8186016677357281, 0.7844742413549753, 0.8029647120556211]
 Mean: 0.8150689702494652
 Std: 0.02072749712977633