[0.8242177562961078, 0.8321939092604101, 0.8262989095574086, 0.7867325335215244, 0.8008658008658008]
 Mean: 0.8140617819002504
 Std: 0.01733601386847393