[0.8248537267870771, 0.8330640149160969, 0.8279666452854394, 0.7500352858151024, 0.8122786304604487]
 Mean: 0.8096396606528329
 Std: 0.03058003338178047