[0.8321037903841262, 0.8124300807955251, 0.832071840923669, 0.7757233592095978, 0.78446805719533]
 Mean: 0.8073594257016496
 Std: 0.023552299454225628