[0.8343932841516154, 0.8364201367308888, 0.8333547145606158, 0.7791107974594214, 0.7971927062836154]
 Mean: 0.8160943278372313
 Std: 0.02354130020105313