[0.8270160264563724, 0.803480422622747, 0.8393842206542655, 0.7761467889908257, 0.8168699986881806]
 Mean: 0.8125794914824782
 Std: 0.021704609487696