[0.8179852454846095, 0.7940335612181479, 0.8210391276459269, 0.7846153846153846, 0.8268398268398268]
 Mean: 0.808902629160779
 Std: 0.016507519525558748