[0.838717883490206, 0.8144188937228092, 0.8374599101988454, 0.7834862385321101, 0.7933884297520661]
 Mean: 0.8134942711392075
 Std: 0.022432852165188005