[0.8294327143220555, 0.8417650714729645, 0.8388710711994869, 0.7755822159491884, 0.7929948839039748]
 Mean: 0.815729191369534
 Std: 0.02657001530851982