[0.8276519969473416, 0.8541951522684897, 0.8318152661962797, 0.7723359209597742, 0.799685163321527]
 Mean: 0.8171366999386824
 Std: 0.028323229318199195