[0.8459679470872552, 0.8180236171535115, 0.8301475304682489, 0.7832039520112914, 0.8088678997769907]
 Mean: 0.8172421892994596
 Std: 0.02107632768462669