[0.8305774612058, 0.816780609073959, 0.8152661962796665, 0.7906845448129852, 0.8215925488652761]
 Mean: 0.8149802720475373
 Std: 0.013271019872519314