[0.8389722716865937, 0.8515848353014295, 0.8398973701090443, 0.7935074100211715, 0.8124098124098124]
 Mean: 0.8272743399056102
 Std: 0.02120538807639903