[0.8295599084202493, 0.8467371037911746, 0.8347658755612573, 0.7721947776993648, 0.8006034369670734]
 Mean: 0.8167722204878238
 Std: 0.026958370807752655