[0.8100992113965912, 0.8330640149160969, 0.831302116741501, 0.7769936485532816, 0.8146399055489965]
 Mean: 0.8132197794312933
 Std: 0.02022301592748565