[0.8087000763164589, 0.8420136730888751, 0.8329698524695317, 0.7864502470007058, 0.7924701561065197]
 Mean: 0.8125208009964181
 Std: 0.021837093641949187