[0.8163317222080896, 0.8154133001864512, 0.8397690827453496, 0.7788285109386027, 0.797455070182343]
 Mean: 0.8095595372521673
 Std: 0.020414013666117326